Query: Call of Duty
1911	10.022623324803824
1665	9.753795071523768
2149	9.617119359606694
1469	9.575255468389699
2304	9.575255468389699
2395	9.56448806747366
2023	9.403134575645769
2066	9.30917402254908
2047	9.237092365127978
2078	9.237092365127978
2311	9.237092365127978
1924	9.076812409042251
2025	9.076812409042251
2129	9.076812409042251
2227	9.076812409042251
6132	8.9219998673453
2094	8.9219998673453
2399	8.9219998673453
1751	8.888474369160669
2274	8.77237967763287
2186	8.77237967763287
2272	8.77237967763287
2055	8.627694924155376
2136	8.627694924155376
2229	8.627694924155376
2209	8.627694924155376
1756	8.487705365615763
2212	8.487705365615763
5867	8.487705365615763
2114	8.352186104003186
2084	8.352186104003186
10731	8.352186104003186
2027	8.352186104003186
2240	8.352186104003186
2256	8.352186104003186
2286	8.352186104003186
2346	8.352186104003186
2102	8.277972096324408
2172	8.220926378947276
2039	8.220926378947276
771	8.220926378947276
2384	8.220926378947276
2006	8.220926378947276
2041	8.220926378947276
2060	8.220926378947276
2231	8.093728473998178
2239	8.093728473998178
2242	8.093728473998178
1803	8.093728473998178
2032	8.093728473998178
2237	8.093728473998178
2264	8.093728473998178
2331	8.093728473998178
2214	8.040507550313048
2173	7.970406722894717
1660	7.970406722894717
2151	7.970406722894717
2019	7.970406722894717
2138	7.970406722894717
2219	7.850786605316326
1977	7.850786605316326
2088	7.850786605316326
1765	7.850786605316326
2021	7.850786605316326
2183	7.850786605316326
2160	7.838586283176001
2246	7.734703922856912
1666	7.734703922856912
2194	7.734703922856912
2093	7.622004047038408
2362	7.622004047038408
2059	7.622004047038408
2073	7.622004047038408
2072	7.622004047038408
2117	7.622004047038408
2284	7.622004047038408
2215	7.622004047038408
2213	7.517480708559045
2155	7.512541232121918
2004	7.512541232121918
2029	7.512541232121918
2082	7.512541232121918
2364	7.512541232121918
2298	7.512541232121918
2374	7.406177986294549
2007	7.406177986294549
2312	7.406177986294549
1811	7.302784495527289
2071	7.302784495527289
2258	7.302784495527289
2097	7.299340517937137
1686	7.202238095027614
2297	7.202238095027614
6476	7.202238095027614
2358	7.202238095027614
2154	7.1044227837620735
2336	7.1044227837620735
2270	7.1044227837620735
2150	7.1044227837620735
2267	7.1044227837620735
2119	7.1044227837620735
2063	7.1044227837620735
5494	7.0206429444243525
2200	7.009228778009101
2281	7.009228778009101
5176	7.009228778009101
2053	6.916552100329614
2179	6.916552100329614
1650	6.916552100329614
2146	6.916552100329614
2294	6.826294200720125
2142	6.826294200720125
2352	6.826294200720125
1860	6.826294200720125
1379	6.738361607046429
2392	6.738361607046429
1847	6.738361607046429
2125	6.738361607046429
2108	6.652665602151236
2314	6.652665602151236
2137	6.652665602151236
2333	6.6378761394968535
2133	6.56912192529095
1827	6.56912192529095
2226	6.487650495789451
2044	6.487650495789451
1809	6.330623438880785
1732	6.330623438880785
921	6.330623438880785
2390	6.254926337549314
2345	6.254926337549314
2361	6.254926337549314
2001	6.1810181105378295
2100	6.1810181105378295
2293	6.1810181105378295
9114	6.1810181105378295
2181	6.108836086341178
1781	6.108836086341178
2127	6.108836086341178
2169	6.038320487176466
2276	5.969414263874669
2110	5.969414263874669
2185	5.969414263874669
2313	5.969414263874669
2152	5.969414263874669
2339	5.902062941949488
2380	5.902062941949488
2253	5.836214477970538
1439	5.836214477970538
2145	5.771819125444976
2233	5.771819125444976
2372	5.708829309481233
1706	5.708829309481233
1655	5.586886149883549
2232	5.586886149883549
2141	5.586886149883549
2203	5.4700435611798675
2022	5.4700435611798675
2236	5.357988083210474
2052	5.357988083210474
11810	5.221563965504344
2371	5.198256330295586
8487	5.135443582794253
2028	4.95219897601228
12524	4.856206703504613
8901	4.699407568953909
11640	4.606703353757392
10331	4.309181288935264
2677	4.269786655121121
44	4.231105789308695
1535	4.2193827111408195
1662	4.19775509616013
8663	4.19775509616013
4874	4.158786376381471
7065	4.123630395532746
3351	4.123630395532746
6369	4.0831456030771065
205	4.052078085283589
3562	4.052078085283589
3376	3.982966542677249
1493	3.982966542677249
1949	3.982966542677249
13182	3.9161729741282576
12505	3.8515826870956897
5539	3.8515826870956897
11187	3.8515826870956897
8055	3.8515826870956897
11740	3.8515826870956897
4962	3.8515826870956897
5131	3.8515826870956897
9367	3.8515826870956897
9739	3.8515826870956897
5604	3.847679741646483
9087	3.828859204578226
11725	3.7890884328614827
5912	3.7890884328614827
6170	3.7890884328614827
526	3.728589812270063
1882	3.728589812270063
2586	3.6954591337251737
10082	3.6699927375029837
7621	3.6699927375029837
11524	3.6699927375029837
6682	3.6699927375029837
3538	3.6699927375029837
6166	3.6699927375029837
7687	3.6699927375029837
6001	3.6132089438195565
5787	3.6132089438195565
5109	3.5581555459342673
5007	3.5581555459342673
12690	3.5581555459342673
1872	3.5581555459342673
1258	3.5581555459342673
7378	3.5581555459342673
9813	3.5047546343416056
7895	3.5047546343416056
3394	3.5047546343416056
683	3.5047546343416056
4405	3.5047546343416056
9468	3.5047546343416056
7271	3.5047546343416056
6345	3.5047546343416056
11207	3.5047546343416056
5010	3.5047546343416056
11783	3.5047546343416056
4820	3.5047546343416056
8826	3.5047546343416056
3507	3.501522652607616
1027	3.452932907453636
6693	3.452932907453636
7198	3.452932907453636
4923	3.452932907453636
9759	3.452932907453636
4472	3.452932907453636
3847	3.4026213358975888
11899	3.4026213358975888
6846	3.4026213358975888
11456	3.4026213358975888
1849	3.4026213358975888
4983	3.4026213358975888
11053	3.4026213358975888
6937	3.4026213358975888
10733	3.4026213358975888
6172	3.4026213358975888
11040	3.4026213358975888
7459	3.4026213358975888
8886	3.4026213358975888
1092	3.3817244400331172
11607	3.353754855740447
3922	3.353754855740447
6525	3.353754855740447
2409	3.353754855740447
5687	3.353754855740447
10557	3.353754855740447
5550	3.306272087773648
11717	3.306272087773648
11610	3.306272087773648
11828	3.306272087773648
10205	3.306272087773648
6380	3.306272087773648
11989	3.306272087773648
11976	3.260115080311246
5830	3.260115080311246
9529	3.260115080311246
4598	3.260115080311246
11675	3.215229073235347
1707	3.215229073235347
4835	3.215229073235347
1964	3.215229073235347
6977	3.195158868906297
3541	3.171562281268881
7932	3.171562281268881
9535	3.171562281268881
9317	3.171562281268881
11812	3.171562281268881
11173	3.171562281268881
2919	3.171562281268881
3368	3.1290656946722777
9532	3.1290656946722777
10564	3.1290656946722777
11997	3.1290656946722777
1257	3.1290656946722777
8150	3.1290656946722777
11786	3.1290656946722777
11229	3.1290656946722777
9638	3.1290656946722777
10215	3.1290656946722777
5668	3.1261720447794596
3443	3.1261720447794596
1777	3.0876928957513887
194	3.0876928957513887
5797	3.0876928957513887
5389	3.0876928957513887
4174	3.0876928957513887
11622	3.0473998897323376
11653	3.0473998897323376
11520	3.0473998897323376
10103	3.0473998897323376
4373	3.0473998897323376
7627	3.0473998897323376
11903	3.0473998897323376
4996	3.0081449487078458
4644	3.0081449487078458
5392	3.0081449487078458
3794	3.0081449487078458
5191	3.0081449487078458
9438	2.9698884674913515
12777	2.9698884674913515
11215	2.9698884674913515
5930	2.9698884674913515
8002	2.9698884674913515
6281	2.9698884674913515
11820	2.9698884674913515
5605	2.9698884674913515
11349	2.9698884674913515
6902	2.9698884674913515
6457	2.9698884674913515
11657	2.9325928303321716
3481	2.9325928303321716
5021	2.9325928303321716
11599	2.9325928303321716
5449	2.8962222875487957
3274	2.8962222875487957
438	2.8962222875487957
5838	2.8962222875487957
9584	2.8962222875487957
6597	2.8962222875487957
11683	2.8962222875487957
5707	2.8962222875487957
3720	2.8962222875487957
8201	2.8962222875487957
10511	2.860742841229819
6950	2.860742841229819
10800	2.860742841229819
11606	2.860742841229819
8095	2.860742841229819
6713	2.860742841229819
4778	2.8261221392343585
8493	2.8261221392343585
2330	2.8261221392343585
10130	2.8261221392343585
11058	2.8261221392343585
4786	2.821568914747798
3456	2.7923293767972743
3280	2.7923293767972743
3412	2.7923293767972743
10618	2.727111646308061
3230	2.727111646308061
10009	2.6956320143437247
11615	2.6956320143437247
4758	2.6956320143437247
5858	2.6956320143437247
2744	2.6956320143437247
566	2.664870841280071
11073	2.664870841280071
6488	2.664870841280071
10256	2.664870841280071
3942	2.634803808571977
3271	2.634803808571977
4135	2.634803808571977
9525	2.634803808571977
3361	2.6054076829483073
5679	2.6054076829483073
2309	2.6054076829483073
4104	2.6054076829483073
9939	2.6054076829483073
11631	2.5766602565386796
7379	2.5766602565386796
3540	2.5766602565386796
6137	2.5766602565386796
307	2.5766602565386796
4359	2.5766602565386796
3326	2.5766602565386796
4015	2.5485402909207426
5783	2.5485402909207426
11902	2.5485402909207426
9238	2.4941023249929932
373	2.4941023249929932
12521	2.4941023249929932
11938	2.4941023249929932
2785	2.4941023249929932
11662	2.4677462406405297
11232	2.4677462406405297
11942	2.4677462406405297
8223	2.4677462406405297
5921	2.4677462406405297
5971	2.4419413601324282
5825	2.4419413601324282
8111	2.4419413601324282
8228	2.416670570826541
11289	2.3919174611959
9239	2.3919174611959
7637	2.3676662852863832
8314	2.3206098802586133
3369	2.275387478997006
88	2.2107647531277497
6575	2.169684302667242
11733	2.169684302667242
6831	2.1497113251103475
